-0.917494 0.713574 1
-0.618337 0.343288 1
-0.936027 0.124774 1
-0.730585 0.646477 1
-0.833152 0.398282 1
-0.749822 0.835221 1
-0.322460 0.552262 1
-0.979129 0.549309 1
-0.330424 0.619472 1
-0.360637 0.756510 1
-0.413901 0.492345 1
-0.694743 0.972734 1
-0.327755 0.837803 1
-0.739072 0.954174 1
-0.031923 0.356869 1
-0.662654 0.281502 1
-0.230383 0.711129 1
-0.624573 0.590609 1
-0.660438 0.047555 1
-0.348785 0.451341 1
-0.240905 0.715045 1
-0.856182 0.281508 1
-0.731051 0.137763 1
-0.836723 0.138602 1
-0.588209 0.366157 1
-0.806760 0.503781 1
-0.489594 0.877049 1
-0.353142 0.449444 1
-0.963530 0.042298 1
-0.972958 0.189207 1
-0.667120 0.586440 1
-0.675112 0.361022 1
-0.620278 0.811151 1
-0.019257 0.083874 1
-0.974802 0.651350 1
-0.231238 0.403491 1
-0.122021 0.268439 1
-0.257846 0.331665 1
-0.152234 0.348008 1
-0.121658 0.884153 1
-0.094278 0.930041 1
-0.399020 0.047401 1
-0.342374 0.735966 1
-0.794682 0.544906 1
-0.686223 0.893633 1
-0.054792 0.303661 1
-0.046192 0.195477 1
-0.720166 0.721753 1
-0.877799 0.582433 1
-0.070684 0.922745 1
0.800372 0.285947 2
0.543663 0.984776 2
0.715678 0.838970 2
0.433261 0.470625 2
0.560713 0.269092 2
0.749018 0.503888 2
0.646810 0.307746 2
0.138725 0.475573 2
0.362459 0.788113 2
0.780296 0.668512 2
0.133504 0.021556 2
0.559841 0.300819 2
0.939410 0.980904 2
0.286620 0.800820 2
0.896111 0.597527 2
0.884017 0.943732 2
0.549158 0.728387 2
0.576758 0.025857 2
0.446531 0.646302 2
0.521203 0.372313 2
0.937135 0.829533 2
0.849085 0.372534 2
0.593185 0.872553 2
0.933502 0.668464 2
0.206776 0.653851 2
0.072052 0.406727 2
0.666932 0.933726 2
0.810950 0.484548 2
0.756749 0.417047 2
0.971786 0.987975 2
0.864148 0.388884 2
0.454742 0.246687 2
0.784423 0.882838 2
0.913712 0.558285 2
0.598868 0.148877 2
0.899713 0.450394 2
0.205672 0.899651 2
0.762586 0.882486 2
0.284950 0.673226 2
0.664280 0.122815 2
0.407318 0.275287 2
0.716670 0.283384 2
0.896199 0.826579 2
0.390027 0.497903 2
0.694805 0.834369 2
0.609630 0.574737 2
0.326042 0.456425 2
0.713796 0.884405 2
0.720856 0.018613 2
0.674776 0.438509 2
