-0.944742 0.798313 2
0.799871 0.048212 1
-0.759601 -0.644412 2
0.412215 0.662720 1
-0.930332 0.515677 2
0.914224 -0.314259 1
0.276487 -0.313988 2
-0.567057 0.572401 1
0.446180 -0.442322 1
0.164863 -0.157988 1
-0.815863 -0.951945 2
-0.017708 -0.443466 2
-0.320486 -0.425301 2
-0.658194 -0.201473 2
0.395299 -0.592647 2
0.332653 -0.113868 1
-0.133409 -0.649521 2
-0.613595 0.232843 2
-0.461979 0.119356 2
0.889568 0.428943 1
0.358439 0.918761 1
0.550669 0.215454 1
0.896005 -0.880717 1
-0.462575 0.973360 1
0.544413 -0.049291 1
0.361799 -0.166130 1
-0.239702 -0.573459 2
-0.234124 -0.940664 2
-0.055358 -0.333255 2
0.951690 0.110887 1
0.692607 -0.183873 1
-0.075964 0.652613 1
0.982406 0.047895 1
0.850874 0.478044 1
0.134860 0.937555 1
0.648999 0.919219 1
0.292692 -0.240853 1
-0.046851 0.823780 1
-0.970292 -0.686612 2
-0.056864 0.085983 1
-0.880618 0.316061 2
0.779271 -0.780735 2
-0.124454 -0.439540 2
0.970493 0.217517 1
-0.492502 -0.734771 2
0.090010 0.655608 1
0.674013 0.666697 1
-0.592569 0.088835 2
0.749885 -0.758000 2
0.712702 0.799552 1
-0.564270 -0.846042 2
-0.051570 0.670055 1
-0.061213 -0.172460 2
0.005493 -0.749120 2
-0.735429 0.740951 1
0.205900 -0.469397 2
0.729605 -0.883781 2
-0.084492 0.444419 1
-0.322002 -0.197560 2
0.053960 0.788471 1
0.556721 -0.861265 2
-0.442431 -0.241260 2
0.729345 -0.160079 1
-0.520245 0.195309 2
-0.041191 0.797095 1
0.869418 0.635774 1
0.417818 0.486441 1
0.799420 -0.869520 2
-0.328178 -0.991330 2
0.656191 0.014871 1
-0.267675 -0.546721 2
0.069663 -0.421030 2
-0.863258 -0.830059 2
-0.863321 -0.180367 2
-0.753237 -0.113967 2
0.797879 -0.292722 1
-0.759644 0.138222 2
0.750065 -0.302850 1
-0.916158 -0.715321 2
-0.846814 0.481053 2
-0.086950 0.336499 1
0.398492 0.142714 1
0.257387 0.755528 1
0.324703 0.750827 1
-0.064966 -0.717328 2
-0.863731 0.428485 2
-0.384028 0.342328 2
0.304842 0.062098 1
0.430214 0.009621 1
-0.024001 -0.004323 2
0.871951 -0.221437 1
-0.765710 -0.519153 2
0.369817 0.678507 1
0.940289 -0.569661 1
0.520687 0.168206 1
-0.194097 0.020081 2
-0.008712 0.302737 1
0.487412 -0.396093 1
-0.820776 0.651931 2
-0.220826 0.550610 1
