-1.275032 0.845145 1
-3.771181 0.918075 1
-1.519254 -1.293012 1
-1.008718 0.233353 1
-1.424196 -1.469449 1
0.206420 0.197342 1
-1.706876 1.216367 1
-0.632830 -1.267516 1
-0.378950 -1.795455 1
-2.057839 0.151544 1
-0.588736 0.070498 1
-2.933027 0.818722 1
0.261757 1.167343 1
-1.570330 -0.393898 1
-2.017434 0.250206 1
-0.747875 -0.771479 1
-0.080455 0.852158 1
-0.342874 -0.753464 1
-2.338502 0.652225 1
0.447217 -1.290126 1
-3.208189 1.436108 1
-1.061672 1.177806 1
-0.014487 -1.218578 1
-1.431878 -0.834941 1
-0.820320 1.166302 1
-0.944014 -2.100042 1
0.235297 0.002672 1
-1.459537 -2.103177 1
-0.626078 0.245181 1
-0.661421 -1.078065 1
-1.730162 -0.916327 1
0.787553 -0.820404 1
-1.196711 -0.890144 1
-0.089251 -0.012265 1
-0.927186 0.939416 1
-0.324763 0.785969 1
-3.132741 0.219930 1
-0.033714 0.349994 1
-0.098185 2.121188 1
0.248587 -1.123186 1
-1.830085 -0.121779 1
-1.642591 -0.078950 1
0.228113 -0.531366 1
-1.286105 -0.227606 1
-0.325477 1.036840 1
-1.149463 -0.317081 1
-0.066405 0.723284 1
-0.511815 3.266199 1
-0.968299 0.341275 1
-1.083531 0.616421 1
-1.524999 1.007707 1
0.829102 0.085288 1
-1.068325 -0.563465 1
-1.473574 -1.703535 1
-1.053720 -0.881344 1
0.255891 0.155842 1
-0.945067 1.398552 1
-2.775648 0.329654 1
-2.057903 -0.643369 1
-0.741559 0.891694 1
-1.836622 0.553148 1
0.458409 -0.855082 1
-1.992123 -0.011699 1
-0.373089 0.001499 1
-1.816327 0.115148 1
-0.792931 -0.444562 1
-2.120490 0.435358 1
-0.982911 -0.362986 1
-1.631237 -0.500325 1
-1.867193 -1.040093 1
0.265431 -0.241458 1
-2.729031 -0.488241 1
0.060384 -0.538154 1
0.777338 -0.779519 1
-1.752972 -1.033133 1
0.163839 -0.580106 1
-0.582698 -1.648125 1
-1.572675 0.659232 1
-2.280402 0.050124 1
-0.451597 1.778447 1
-0.358913 0.946703 1
-1.354255 -0.578817 1
-0.943527 -0.893323 1
0.122078 0.775829 1
-0.037504 1.260784 1
-1.107919 -0.577158 1
-0.474367 1.151960 1
-0.141621 0.945576 1
0.506130 0.295338 1
0.204097 -0.011846 1
-0.210500 -1.403582 1
0.542106 -1.774907 1
-0.794343 -0.346210 1
-2.158983 0.335826 1
-0.667757 1.411209 1
-0.863137 0.577628 1
-0.756912 1.467671 1
0.130554 0.010653 1
-0.875666 1.779431 1
-1.239472 0.857992 1
0.121645 -0.761946 2
1.862783 0.648305 2
2.058092 -0.633191 2
2.017989 0.171926 2
0.952526 1.689145 2
2.437044 -2.251078 2
1.356489 -0.850242 2
0.700449 -0.634249 2
2.624477 1.241070 2
1.555281 0.703418 2
1.458163 0.683984 2
1.251290 -0.178504 2
1.507726 -0.309899 2
0.605630 -0.269739 2
0.911870 0.008029 2
3.531796 -1.223243 2
-0.071751 0.246059 2
0.949389 -0.730151 2
1.326987 0.752991 2
-0.153722 -0.407867 2
-0.287906 0.083578 2
1.163799 0.682575 2
-0.086368 0.297492 2
0.856692 1.391954 2
1.306747 -0.537184 2
0.771068 -0.536220 2
2.439021 -0.511100 2
-0.606835 -0.201243 2
2.143503 0.663291 2
1.164084 1.785406 2
0.412289 0.259036 2
0.128166 -0.787917 2
0.655660 0.647617 2
3.054127 0.798942 2
-0.071077 -0.205155 2
0.445557 -0.292943 2
2.180232 0.377395 2
1.991574 0.603452 2
0.207114 0.930818 2
-0.350388 0.799789 2
1.599637 1.100429 2
-0.419742 -0.203636 2
1.017913 0.100351 2
1.876357 0.700694 2
1.652016 0.178530 2
2.676010 -0.325097 2
1.101148 -0.576692 2
0.938472 0.725588 2
-0.227342 0.190931 2
0.265182 0.788385 2
-0.965382 -1.955524 2
2.624294 -0.149420 2
-0.968268 -1.686138 2
0.913078 0.307386 2
1.337546 1.066992 2
1.332942 -0.073484 2
2.047757 2.058863 2
1.026693 -0.240524 2
2.038475 -0.507225 2
-0.483080 -0.106488 2
1.245264 0.145793 2
-0.118085 -0.596941 2
0.320512 0.955054 2
0.869199 0.649404 2
1.598515 -0.192501 2
-0.980799 0.362938 2
1.703950 -0.752597 2
0.983083 -0.441664 2
2.701335 -0.030569 2
1.203918 -1.047810 2
0.264630 -1.356563 2
1.728586 0.607187 2
0.171715 2.887644 2
1.919135 0.405789 2
2.916184 -2.455688 2
0.908937 -0.024680 2
1.199936 -1.038315 2
1.529367 -2.217119 2
1.107416 0.438909 2
0.959007 0.364309 2
0.236302 0.549524 2
0.625362 -1.659159 2
0.689771 -0.619943 2
-0.024591 0.504999 2
1.040473 -0.254730 2
0.452264 1.676594 2
2.173003 -0.189061 2
1.086573 1.512560 2
2.793271 1.102621 2
0.674153 -0.582815 2
1.751587 -0.863734 2
-0.070876 -0.355237 2
1.955880 0.159282 2
1.244942 1.124750 2
1.234628 -1.138562 2
1.842094 0.476342 2
0.911610 -0.413036 2
0.455417 -0.024007 2
0.199486 -0.512190 2
-0.486675 -0.518642 2
