-0.635134 -0.470067 1
-1.129643 -0.606772 1
-0.187725 0.186756 1
-1.125446 -0.462728 1
-0.950670 0.842140 1
-0.862370 0.176645 1
-1.600188 0.083064 1
-0.611919 -0.690718 1
-0.435860 1.232720 1
-1.778959 -1.033324 1
-1.036299 0.379556 1
-1.040832 -0.079237 1
-0.996751 -0.532304 1
-1.821958 0.790775 1
-0.853693 -0.593804 1
-0.462032 -0.648686 1
-1.060885 0.370386 1
-1.420359 -0.174735 1
-0.985184 0.976187 1
-0.770488 -0.199656 1
-1.112692 -0.140141 1
-0.346638 -0.142188 1
-1.395855 0.120309 1
-1.047323 0.396617 1
-0.520280 0.543551 1
-0.676416 0.316275 1
-0.048362 -0.580013 1
-1.173655 -0.847532 1
-0.540307 0.010766 1
-1.149670 -0.860508 1
-0.908284 -0.129866 1
-1.677394 -0.578721 1
-1.380993 -0.125150 1
-1.824382 -0.090995 1
-0.692156 -0.188337 1
-1.349018 0.152061 1
-0.449460 -0.223304 1
-1.233356 -0.717910 1
-1.488858 0.302947 1
-1.056827 0.382281 1
-0.665051 0.187892 1
-0.616674 0.761736 1
-0.711588 0.212987 1
-1.021465 -0.621132 1
-1.252476 0.162926 1
-1.555712 0.234092 1
-0.838694 0.050011 1
-0.849283 0.011912 1
-1.011027 -0.004379 1
-0.535272 -0.045216 1
-2.320573 -0.243075 1
-0.902015 0.479861 1
-0.309838 -0.470732 1
-0.619566 0.118960 1
-1.104187 0.012370 1
-1.014046 0.070180 1
-0.881207 -0.335774 1
-1.522500 0.482883 1
-1.109878 0.707268 1
-1.462093 -0.297070 1
-0.289362 0.703804 1
-1.514500 0.103256 1
-0.329444 0.666358 1
-1.642447 0.809188 1
-0.669178 0.113673 1
-1.112788 -0.482997 1
-0.952491 -0.128366 1
0.155066 0.095030 1
-1.086702 -0.007014 1
-1.306369 1.035900 1
-0.681488 0.037447 1
-0.438366 -0.016564 1
-1.048874 -0.278310 1
-1.307750 0.802277 1
-0.615752 0.043467 1
-0.147820 0.011817 1
-0.854979 -0.709950 1
-0.762363 -0.723660 1
-1.494140 0.474690 1
-0.824388 -0.436141 1
-1.199064 0.128218 1
-0.889987 -0.855720 1
-1.602878 -0.886457 1
-1.036246 -0.860557 1
-0.649059 -0.502734 1
-1.553213 0.895280 1
0.081192 -0.409639 1
-1.018525 0.981502 1
-1.270133 0.858752 1
-0.590096 0.027760 1
-1.176563 0.846575 1
-0.644475 -0.316382 1
-0.803637 -0.438981 1
-0.925527 0.765939 1
-0.734076 -0.379834 1
-0.826008 -0.348901 1
0.009657 -0.896850 1
-1.329754 0.385727 1
-1.410171 0.008944 1
-0.672732 0.628849 1
0.536460 -0.084939 2
0.764164 -0.057117 2
1.184743 -0.309308 2
1.400058 0.213348 2
0.763835 0.137976 2
1.492114 0.496554 2
1.334105 -0.032499 2
0.689951 0.112052 2
0.766932 -0.166043 2
1.462407 0.723513 2
1.297916 1.026635 2
0.235375 0.011344 2
1.047642 0.807263 2
1.250637 -0.161920 2
1.277108 0.321222 2
1.091313 -1.013738 2
1.511540 -1.745771 2
1.054745 -0.775666 2
0.822445 0.699279 2
0.743263 0.958590 2
1.389205 -0.123228 2
0.548234 -0.247951 2
1.187247 -1.185266 2
1.307531 0.139732 2
1.409433 1.023753 2
0.838128 -0.490271 2
1.589817 0.447291 2
0.928535 -0.296735 2
1.124459 -0.564891 2
1.033047 -0.318962 2
0.590346 0.483977 2
1.015175 0.675548 2
0.456813 0.120133 2
0.476909 0.309359 2
1.652517 0.511746 2
-0.057691 0.340864 2
1.004355 0.167137 2
0.726294 -0.825492 2
1.446397 -0.253528 2
0.835104 0.084177 2
2.268370 1.146813 2
0.340670 -0.237067 2
1.493691 -1.036513 2
1.622013 -0.157620 2
1.699647 -0.439941 2
0.538764 1.157201 2
1.294007 -0.154884 2
0.483518 0.551675 2
1.171054 -1.131997 2
0.548357 1.485014 2
0.994117 -0.999770 2
0.555992 -0.209951 2
1.347289 -0.081376 2
1.050788 -0.008929 2
0.519836 0.586403 2
0.817364 -0.231705 2
1.097495 -0.033473 2
0.739235 0.063550 2
2.056509 0.270641 2
0.672457 -0.434764 2
0.880551 -0.787994 2
1.912876 0.102134 2
0.418302 0.060305 2
0.278241 0.291173 2
0.909267 0.021005 2
1.180921 0.426857 2
0.595114 -0.733525 2
0.948052 -0.411457 2
1.212491 -0.927342 2
1.429288 0.153197 2
0.444219 -0.158620 2
1.418931 1.213233 2
0.824455 0.690981 2
0.569672 0.103445 2
0.896251 0.170129 2
0.750944 -0.710697 2
0.864613 0.219832 2
0.746928 -0.092174 2
1.201000 0.269614 2
0.633203 -0.134186 2
1.435299 0.165380 2
0.326052 0.773936 2
0.691682 -0.349285 2
0.288202 -0.054816 2
0.948644 -0.161358 2
0.580206 -0.830276 2
2.506243 0.750420 2
0.820504 -0.057440 2
1.179451 -0.006069 2
0.714820 0.467017 2
0.430842 0.978619 2
0.118385 -0.161667 2
1.436296 0.058958 2
0.248473 0.460918 2
1.081622 -0.407335 2
1.201855 0.378079 2
2.092220 -0.046891 2
0.852897 -0.252403 2
0.036500 0.260690 2
-0.027206 -0.134919 2
