0.016600 -0.011155 1
0.028272 -0.010034 1
0.028811 -0.027747 1
0.048606 -0.011724 1
0.053062 -0.028007 1
0.067328 -0.019154 1
0.069612 -0.039422 1
0.085158 -0.029123 1
0.088260 -0.047013 1
0.098253 -0.049461 1
0.111098 -0.045357 1
0.126817 -0.028590 1
0.101687 -0.096228 1
0.073992 -0.130481 1
0.071192 -0.143289 1
0.142507 -0.092691 1
0.140413 -0.112624 1
0.156581 -0.107622 1
0.150281 -0.131968 1
0.181002 -0.106481 1
0.207279 -0.073725 1
0.171630 -0.153111 1
0.210528 -0.115230 1
0.232587 -0.091669 1
0.084232 -0.245977 1
0.201295 -0.179945 1
0.181192 -0.213470 1
0.148097 -0.249333 1
0.267542 -0.135726 1
0.192904 -0.242669 1
0.192081 -0.255939 1
0.216964 -0.248649 1
0.217053 -0.261702 1
0.255770 -0.238917 1
0.190968 -0.305174 1
0.281281 -0.240377 1
0.283683 -0.252832 1
0.196617 -0.336811 1
0.128122 -0.378926 1
0.273581 -0.305375 1
0.284493 -0.308972 1
0.225284 -0.366261 1
0.174776 -0.403799 1
0.183187 -0.411026 1
0.239936 -0.392468 1
0.309746 -0.353493 1
0.211631 -0.430828 1
0.271923 -0.407625 1
0.141519 -0.479554 1
0.377681 -0.342720 1
0.255620 -0.452833 1
0.143462 -0.510214 1
0.314169 -0.439202 1
0.327048 -0.442199 1
0.355800 -0.432443 1
0.296661 -0.486716 1
0.289019 -0.502860 1
0.253486 -0.532771 1
0.357358 -0.481970 1
0.256911 -0.553260 1
0.330339 -0.524668 1
0.304678 -0.551426 1
0.355310 -0.532311 1
0.292827 -0.580304 1
-0.203375 -0.627884 1
-0.192149 -0.641856 1
0.102389 -0.672247 1
0.145847 -0.674410 1
0.404418 -0.571355 1
0.319742 -0.633928 1
0.322226 -0.643871 1
0.161420 -0.711930 1
0.163892 -0.721623 1
0.213119 -0.719083 1
0.273254 -0.709177 1
0.352008 -0.684829 1
0.214400 -0.749955 1
0.032847 -0.789317 1
0.138378 -0.787941 1
0.171237 -0.791693 1
0.088079 -0.815256 1
0.092903 -0.824784 1
0.433462 -0.719521 1
0.173081 -0.832192 1
0.240891 -0.825573 1
0.487943 -0.720286 1
0.378184 -0.794592 1
0.204968 -0.866076 1
-0.006100 -0.899979 1
0.175494 -0.892918 1
0.078708 -0.916627 1
0.281579 -0.886348 1
0.490817 -0.801685 1
0.084458 -0.946238 1
0.272618 -0.920478 1
-0.141997 -0.959550 1
-0.260942 -0.944621 1
0.139852 -0.980072 1
-0.180283 -0.983615 1
-0.144470 -0.999614 1
-0.013839 -0.014439 2
-0.026032 -0.014911 2
-0.035997 -0.017441 2
-0.046270 -0.018949 2
-0.056407 -0.020452 2
-0.066034 -0.023226 2
-0.075753 -0.025720 2
-0.078308 -0.044360 2
-0.093343 -0.035876 2
-0.069809 -0.085010 2
-0.095074 -0.073219 2
-0.128080 -0.022262 2
-0.120471 -0.071322 2
-0.142062 -0.048148 2
-0.159481 -0.012876 2
-0.144941 -0.088837 2
-0.153092 -0.094672 2
-0.171050 -0.082716 2
-0.193605 -0.050172 2
-0.195588 -0.076454 2
-0.191232 -0.108767 2
-0.186378 -0.134771 2
-0.223284 -0.088001 2
-0.236061 -0.082311 2
-0.240652 -0.098420 2
-0.255997 -0.085821 2
-0.248351 -0.129312 2
-0.287121 -0.040762 2
-0.234082 -0.187632 2
-0.303713 -0.062118 2
-0.318796 -0.027729 2
-0.306431 -0.122475 2
-0.332404 -0.071470 2
-0.346959 -0.046034 2
-0.343591 -0.107449 2
-0.364490 -0.063615 2
-0.378858 -0.029436 2
-0.368025 -0.129064 2
-0.399851 0.010907 2
-0.408368 0.036543 2
-0.419357 -0.023223 2
-0.427567 -0.045681 2
-0.415936 -0.143517 2
-0.449979 0.004371 2
-0.436311 -0.145715 2
-0.455493 0.115872 2
-0.479485 0.022237 2
-0.489996 0.002015 2
-0.496554 -0.058600 2
-0.456098 -0.228199 2
-0.502832 -0.132515 2
-0.528894 0.034224 2
-0.477940 0.251343 2
-0.542992 0.087519 2
-0.558035 0.046876 2
-0.568336 -0.043529 2
-0.578717 0.038550 2
-0.572436 0.142888 2
-0.599961 0.006879 2
-0.549084 0.265720 2
-0.611923 -0.099750 2
-0.629906 0.010908 2
-0.635907 0.072261 2
-0.625040 -0.178395 2
-0.641713 0.154286 2
-0.662624 0.099147 2
-0.671400 0.107805 2
-0.656664 0.211877 2
-0.652120 0.254441 2
-0.670809 0.232627 2
-0.717105 0.064502 2
-0.717643 0.133746 2
-0.712322 0.200492 2
-0.749470 -0.028182 2
-0.759894 0.012668 2
-0.761516 0.113990 2
-0.753862 0.200230 2
-0.646450 0.454095 2
-0.729248 0.328933 2
-0.796047 0.149698 2
-0.809700 0.129559 2
-0.684399 0.469572 2
-0.553507 0.631847 2
-0.798969 0.290084 2
-0.837527 0.195318 2
-0.868803 0.045616 2
-0.754745 0.452504 2
-0.815122 0.357318 2
-0.743629 0.506968 2
-0.892991 0.175122 2
-0.834860 0.386535 2
-0.897589 0.243382 2
-0.742198 0.576838 2
-0.905996 0.285783 2
-0.881042 0.381268 2
-0.905603 0.347539 2
-0.783182 0.589089 2
-0.848170 0.510596 2
-0.964971 0.262356 2
-0.948814 0.346197 2
-0.004152 0.019564 3
0.003330 0.029815 3
0.003459 0.039850 3
-0.014622 0.047814 3
-0.020064 0.056546 3
0.002969 0.069937 3
0.015897 0.078405 3
0.009385 0.089509 3
-0.022598 0.097413 3
-0.023946 0.107362 3
0.032519 0.115510 3
0.010653 0.129563 3
0.006153 0.139865 3
0.057659 0.138475 3
-0.002860 0.159974 3
0.030201 0.167296 3
0.043691 0.174617 3
0.062590 0.179395 3
0.002189 0.199988 3
0.054673 0.202758 3
0.150236 0.160714 3
-0.020781 0.229059 3
0.072990 0.228632 3
0.046323 0.245671 3
0.020002 0.259229 3
0.023226 0.268999 3
0.099215 0.261833 3
0.194654 0.214965 3
0.037124 0.297694 3
0.121040 0.285393 3
0.060818 0.314168 3
0.214716 0.250594 3
0.142405 0.308741 3
0.105354 0.333767 3
0.162207 0.321386 3
0.127713 0.347260 3
0.209860 0.316795 3
0.128816 0.368112 3
0.063551 0.394919 3
0.175832 0.370382 3
0.275755 0.316795 3
0.074789 0.423446 3
0.161476 0.409299 3
0.267042 0.362200 3
0.027776 0.459161 3
0.257428 0.393232 3
0.277034 0.391985 3
0.242384 0.425852 3
0.162401 0.472891 3
0.241603 0.449141 3
0.260040 0.450310 3
0.342327 0.404614 3
0.330210 0.427272 3
0.246783 0.491526 3
0.427818 0.361347 3
0.295688 0.487308 3
0.227527 0.533509 3
0.276666 0.521110 3
0.412299 0.435900 3
0.361840 0.491093 3
0.437720 0.439092 3
0.371164 0.509055 3
0.577072 0.276746 3
0.194096 0.620344 3
0.352415 0.558036 3
0.399971 0.537516 3
0.429963 0.526813 3
0.568389 0.391196 3
0.467205 0.521267 3
0.443119 0.554748 3
0.475185 0.540924 3
0.556768 0.472133 3
0.411330 0.615148 3
0.552200 0.507519 3
0.319906 0.689391 3
0.520234 0.567677 3
0.427014 0.652732 3
0.476338 0.630240 3
0.598050 0.531353 3
0.439121 0.680641 3
0.469944 0.671977 3
0.408811 0.722339 3
0.313585 0.779272 3
0.614517 0.587255 3
0.758902 0.404558 3
0.637400 0.592132 3
0.644546 0.599134 3
0.552288 0.697910 3
0.840633 0.321459 3
0.683129 0.601195 3
0.846333 0.360722 3
0.778313 0.509046 3
0.722504 0.601322 3
0.869371 0.383007 3
0.874671 0.395666 3
0.781788 0.574202 3
0.923274 0.328581 3
0.962849 0.230264 3
0.828697 0.559697 3
0.820882 0.588433 3
