0.023317 -0.018877 2
0.022561 -0.044620 1
0.063747 -0.028920 1
0.081709 -0.037731 1
0.092144 -0.060079 1
0.110602 -0.068317 1
0.137618 -0.059676 1
0.119947 -0.120468 1
0.107202 -0.156869 3
0.181510 -0.105613 1
0.199709 -0.114089 1
0.154423 -0.196605 3
0.218119 -0.159136 1
0.196860 -0.212946 1
0.175663 -0.255426 2
0.101725 -0.313930 1
0.152783 -0.314892 1
0.306865 -0.206722 1
0.197610 -0.336229 1
0.260730 -0.316417 1
0.292851 -0.314862 1
0.134586 -0.429403 1
0.275813 -0.380562 1
0.355077 -0.337669 1
0.283361 -0.424036 1
0.328959 -0.415555 1
0.484380 -0.260530 1
0.386692 -0.418771 1
0.246345 -0.536110 1
0.145056 -0.592502 1
0.168646 -0.607008 1
0.256947 -0.597058 1
0.449987 -0.496399 1
0.191852 -0.662792 1
0.303049 -0.642076 1
0.165275 -0.711044 1
0.112897 -0.741454 1
0.260553 -0.724577 1
-0.060239 -0.787700 1
0.177675 -0.790273 1
-0.011321 -0.829923 1
0.045194 -0.848798 1
0.412186 -0.766161 2
0.166334 -0.874319 1
0.181659 -0.891684 1
-0.156222 -0.916785 3
0.462606 -0.829757 1
-0.154193 -0.957666 1
0.106688 -0.984235 1
-0.058030 -1.008332 1
-0.028337 -0.009850 2
-0.049744 -0.005052 2
-0.068932 -0.012181 2
-0.089240 -0.011669 2
-0.109843 -0.005874 2
-0.117722 -0.055151 2
-0.143631 -0.043244 2
-0.152767 -0.074580 2
-0.185705 -0.040172 2
-0.188533 -0.092494 2
-0.206949 -0.100361 2
-0.249460 0.016417 2
-0.269915 -0.006776 2
-0.288617 0.028291 2
-0.292526 -0.102609 2
-0.329562 0.016990 2
-0.344334 -0.062720 2
-0.366083 -0.053697 2
-0.387811 0.041263 2
-0.406537 -0.053176 2
-0.426744 -0.052820 1
-0.442104 -0.083926 2
-0.469984 0.003863 3
-0.457417 0.175698 2
-0.508107 -0.043899 2
-0.523348 0.083707 3
-0.548684 0.038019 2
-0.569974 0.005420 2
-0.588687 -0.039344 2
-0.609856 -0.013258 2
-0.587077 -0.228563 2
-0.649737 0.018474 2
-0.669670 -0.021030 2
-0.616256 0.310368 2
-0.709601 0.023798 2
-0.703955 0.193254 2
-0.742798 0.103691 2
-0.737589 0.221048 2
-0.789560 0.026375 2
-0.803518 0.102268 2
-0.807981 0.189914 2
-0.840565 0.126298 2
-0.866819 0.074325 2
-0.845008 0.279393 2
-0.786157 0.458319 2
-0.884189 0.288289 2
-0.925464 0.214515 1
-0.955851 0.165072 2
-0.956834 0.254104 2
-0.893877 0.470196 2
-0.000044 0.030000 3
0.001809 0.049967 3
0.002159 0.069967 3
0.000178 0.090000 3
0.023845 0.107384 2
0.009745 0.129634 3
0.022363 0.148324 2
0.012860 0.169513 3
0.027729 0.187966 3
0.027406 0.208204 3
-0.014938 0.229514 3
0.017997 0.249351 1
0.003432 0.269978 3
0.070551 0.281287 3
0.096292 0.294666 3
0.109256 0.311389 3
0.015871 0.349640 3
0.219455 0.297892 3
0.196013 0.337163 3
0.167652 0.374156 2
0.272407 0.332708 1
0.140748 0.427422 3
0.125731 0.452871 1
0.247435 0.422937 2
0.288644 0.420458 3
0.272873 0.454357 3
0.344614 0.428650 3
0.347427 0.451879 3
0.355010 0.471241 3
0.353096 0.497416 3
0.275331 0.566650 3
0.208563 0.615631 3
0.432467 0.511735 3
0.410100 0.554903 3
0.564509 0.430615 2
0.400211 0.610517 3
0.509953 0.549952 3
0.436043 0.634639 3
0.300003 0.730820 3
0.663075 0.465223 2
0.449070 0.698023 1
0.697659 0.485563 2
0.539685 0.682378 2
0.381357 0.804156 3
0.665151 0.621027 3
0.905332 0.212778 3
0.745239 0.589168 3
0.921938 0.301547 3
0.901152 0.409909 3
0.925549 0.404301 3
