-0.013505 -0.006528 1
-0.016307 -0.011579 1
-0.012539 -0.021628 1
-0.017293 -0.024514 1
-0.024679 -0.024818 1
-0.033601 -0.021702 1
-0.019492 -0.040559 1
-0.043240 -0.025106 1
-0.053937 -0.010761 1
-0.050062 -0.033073 1
-0.049618 -0.041989 1
-0.067049 -0.020110 1
-0.074947 0.002807 1
-0.067283 -0.043278 1
-0.071581 -0.045839 1
-0.052558 -0.073059 1
-0.069259 -0.065025 1
-0.099391 -0.011016 1
-0.097189 -0.039741 1
-0.109960 -0.002950 1
-0.114828 -0.006280 1
-0.118424 -0.019382 1
-0.124999 0.000521 1
-0.123525 0.040517 1
-0.134820 -0.006971 1
-0.139273 -0.014249 1
-0.139374 -0.039997 1
-0.109840 -0.102152 1
-0.139960 -0.066605 1
-0.159172 -0.016260 1
-0.129672 -0.102030 1
-0.169948 -0.004210 1
-0.174535 -0.012754 1
-0.177926 -0.027243 1
-0.184652 -0.011336 1
-0.187503 -0.030704 1
-0.192169 -0.033108 1
-0.197595 -0.030924 1
-0.199597 0.046754 1
-0.207050 -0.035075 1
-0.082287 -0.198630 1
-0.209780 -0.066274 1
-0.224940 -0.005197 1
-0.220234 0.066309 1
-0.209440 0.106584 1
-0.216324 -0.103943 1
-0.237798 0.058965 1
-0.249759 0.010979 1
-0.253025 -0.031675 1
-0.259941 -0.005522 1
-0.264862 -0.008564 1
-0.269725 0.012175 1
-0.273785 0.025825 1
-0.270621 -0.071862 1
-0.262626 -0.110692 1
-0.265329 0.117050 1
-0.294650 -0.014357 1
-0.245018 0.173107 1
-0.290428 -0.093147 1
-0.305621 -0.051924 1
-0.251161 0.190113 1
-0.254260 0.194298 1
-0.309301 -0.099789 1
-0.323925 0.063027 1
-0.265454 0.204350 1
-0.268022 0.209199 1
-0.321121 -0.126120 1
-0.244570 0.250371 1
-0.323495 0.146204 1
-0.347826 0.092830 1
-0.363533 0.032692 1
-0.362885 -0.072212 1
-0.364427 0.088419 1
-0.377811 0.040725 1
-0.159313 0.350492 1
-0.371860 0.117558 1
-0.389248 0.067161 1
-0.388088 0.096890 1
-0.404953 0.006166 1
-0.186306 0.365226 1
-0.356963 0.211666 1
-0.398622 0.132289 1
-0.311017 0.289643 1
-0.411134 0.125973 1
-0.417876 0.120851 1
-0.437435 0.047438 1
-0.443014 0.042000 1
-0.245934 0.376851 1
-0.357141 0.281914 1
-0.422670 0.181522 1
-0.226243 0.406250 1
-0.432820 0.183212 1
-0.412911 0.234797 1
-0.474105 -0.074996 1
-0.397186 0.278331 1
-0.484661 -0.072136 1
-0.494478 0.022719 1
-0.337059 0.369312 1
-0.416276 0.285901 1
-0.506180 0.062300 1
-0.488503 0.163065 1
-0.430914 0.291056 1
-0.436379 0.291888 1
-0.522089 -0.091233 1
-0.534586 0.021034 1
-0.531517 -0.095341 1
-0.474917 0.267355 1
-0.544872 -0.074934 1
-0.369374 0.414232 1
-0.551957 0.094572 1
-0.559523 0.078483 1
-0.147964 0.550460 1
-0.059585 0.571904 1
-0.556707 0.162720 1
-0.480394 0.333836 1
-0.090160 0.583070 1
-0.541792 0.245940 1
-0.137671 0.583992 1
-0.331829 0.505880 1
-0.468673 0.390443 1
-0.527117 0.316817 1
-0.123816 0.607511 1
-0.344522 0.521469 1
-0.564659 0.279392 1
-0.404727 0.489307 1
-0.593989 0.238279 1
-0.448305 0.463732 1
-0.132485 0.636355 1
-0.367255 0.542355 1
-0.588729 0.298326 1
-0.401744 0.529931 1
-0.583471 0.329335 1
0.026969 0.674461 1
-0.676895 0.064912 1
-0.580613 0.363475 1
-0.287032 0.627465 1
-0.604820 0.342372 1
-0.456472 0.530691 1
-0.303884 0.636144 1
-0.137108 0.696636 1
-0.623101 0.350671 1
-0.488278 0.529136 1
-0.547505 0.475250 1
-0.471898 0.556967 1
-0.351968 0.645247 1
-0.572488 0.468889 1
-0.225148 0.710164 1
-0.323743 0.676528 1
-0.539437 0.528235 1
-0.355345 0.671811 1
-0.146855 0.750772 1
-0.137523 0.757620 1
-0.228638 0.740506 1
-0.429223 0.651282 1
-0.560216 0.549894 1
-0.341462 0.712393 1
-0.520020 0.601335 1
-0.483729 0.637186 1
-0.109565 0.797509 1
0.066673 0.807251 1
-0.200072 0.790061 1
0.277324 0.771681 1
-0.726818 0.390333 1
-0.358874 0.748404 1
-0.331337 0.766447 1
0.174866 0.821597 1
-0.188973 0.823598 1
-0.441047 0.726620 1
-0.156658 0.840526 1
-0.119092 0.851714 1
-0.266183 0.823026 1
-0.806640 0.325933 1
0.038033 0.874173 1
-0.865542 -0.158864 1
-0.263104 0.844986 1
-0.727102 0.513248 1
-0.403413 0.798926 1
0.217360 0.873358 1
-0.442464 0.789462 1
0.413320 0.810720 1
0.023800 0.914690 1
-0.336013 0.856443 1
-0.542461 0.749240 1
-0.407497 0.835970 1
-0.089018 0.930753 1
-0.870311 0.355189 1
0.019821 0.944792 1
-0.097878 0.944944 1
0.116788 0.947832 1
0.560996 0.779027 1
-0.298372 0.917714 1
-0.521002 0.818203 1
0.294745 0.929382 1
0.197707 0.959850 1
-0.197445 0.965008 1
-0.359830 0.922292 1
-0.024851 0.994690 1
-0.536605 0.843834 1
-0.078318 1.001944 1
-0.345914 0.948917 1
0.014713 -0.002919 2
0.012103 -0.015922 2
0.021236 -0.013191 2
0.013763 -0.026657 2
0.034708 -0.004511 2
0.031354 -0.024838 2
0.044386 -0.007410 2
0.033320 -0.037280 2
0.023664 -0.049649 2
0.031226 -0.051234 2
0.063404 0.014315 2
0.043136 -0.055129 2
0.059811 -0.045251 2
0.056423 -0.056713 2
0.076710 -0.036615 2
0.089991 -0.001256 2
0.047966 -0.082001 2
0.088156 -0.047206 2
0.088253 -0.056890 2
0.078054 -0.077509 2
-0.019286 -0.113371 2
-0.009746 -0.119604 2
0.122062 -0.026942 2
0.109790 -0.069615 2
0.053941 -0.123755 2
0.139793 0.007606 2
0.041224 -0.139016 2
0.117679 -0.093014 2
0.031716 -0.151721 2
0.143147 -0.071476 2
0.148132 -0.072677 2
-0.032126 -0.166937 2
0.082419 -0.154377 2
0.133969 -0.120218 2
0.166412 -0.080822 2
0.047761 -0.183899 2
0.101682 -0.166390 2
0.199990 0.002028 2
0.175387 -0.106134 2
-0.106664 -0.180894 2
0.130097 -0.171172 2
0.217973 -0.029794 2
0.186899 -0.125275 2
0.162244 -0.163024 2
0.075517 -0.222536 2
0.147155 -0.189593 2
0.126856 -0.209601 2
0.137420 -0.208844 2
0.207260 -0.148554 2
0.022232 -0.259048 2
0.168845 -0.204246 2
0.178034 -0.202988 2
0.118770 -0.248030 2
0.144273 -0.239969 2
0.186441 -0.215557 2
0.124465 -0.261932 2
-0.104148 -0.276004 2
0.076492 -0.290084 2
0.202557 -0.228026 2
0.222821 -0.215524 2
0.161883 -0.270220 2
0.279859 -0.155174 2
-0.097973 -0.309881 2
0.107660 -0.311945 2
0.255908 -0.216186 2
0.115207 -0.319887 2
0.282876 -0.197500 2
0.049149 -0.346532 2
0.150041 -0.321734 2
0.119012 -0.339759 2
0.072136 -0.357801 2
-0.002907 -0.369989 2
0.226194 -0.299101 2
0.297747 -0.236108 2
0.130219 -0.362309 2
0.227426 -0.316824 2
0.044692 -0.392464 2
0.339835 -0.210979 2
-0.032427 -0.403700 2
0.053422 -0.406505 2
0.263459 -0.320647 2
0.147964 -0.393073 2
-0.047529 -0.422334 2
-0.295475 -0.312402 2
0.146465 -0.409601 2
-0.154942 -0.411817 2
0.223863 -0.384591 2
0.040476 -0.448176 2
0.110705 -0.441327 2
0.007646 -0.459936 2
0.155913 -0.438082 2
0.303207 -0.359118 2
0.108698 -0.462396 2
-0.030383 -0.479037 2
0.145610 -0.462626 2
0.081046 -0.483251 2
-0.038781 -0.493478 2
-0.071439 -0.494870 2
0.175869 -0.473387 2
0.081037 -0.503521 2
-0.155175 -0.491066 2
-0.052008 -0.517393 2
0.279420 -0.444465 2
-0.302370 -0.435284 2
0.131649 -0.518550 2
0.144737 -0.520241 2
0.285472 -0.464253 2
0.008620 -0.549932 2
0.001585 -0.554998 2
0.045203 -0.558173 2
0.154786 -0.543384 2
0.319886 -0.471776 2
-0.551421 -0.162973 2
-0.368662 -0.447759 2
0.026354 -0.584406 2
-0.036927 -0.588843 2
-0.154223 -0.574665 2
-0.074106 -0.595406 2
0.054022 -0.602583 2
-0.304365 -0.528642 2
0.179684 -0.588166 2
-0.504958 -0.359746 2
0.313993 -0.540401 2
-0.037557 -0.628880 2
-0.330861 -0.541992 2
-0.162211 -0.619102 2
0.240494 -0.598488 2
-0.365900 -0.537231 2
-0.196400 -0.624862 2
0.050496 -0.658065 2
-0.271658 -0.606982 2
-0.362595 -0.563404 2
-0.616998 -0.273749 2
-0.169534 -0.658527 2
-0.123884 -0.673704 2
-0.074145 -0.686005 2
0.303029 -0.625459 2
-0.358837 -0.601029 2
0.326821 -0.624670 2
-0.170046 -0.689336 2
-0.176772 -0.692803 2
-0.468198 -0.546983 2
0.482688 -0.540959 2
-0.501439 -0.530527 2
-0.140498 -0.721447 2
0.079114 -0.735759 2
-0.301502 -0.681265 2
-0.374956 -0.649545 2
-0.201791 -0.727534 2
0.104163 -0.752828 2
-0.619092 -0.449389 2
-0.402027 -0.656714 2
-0.152214 -0.759905 2
-0.646498 -0.436395 2
-0.473451 -0.626154 2
-0.002832 -0.789995 2
-0.552892 -0.571258 2
0.149115 -0.785980 2
-0.094455 -0.799439 2
-0.464958 -0.663260 2
-0.540668 -0.609839 2
-0.462392 -0.677195 2
0.157645 -0.809798 2
-0.659585 -0.503832 2
-0.746322 -0.374470 2
-0.740064 -0.397374 2
-0.323612 -0.780577 2
-0.387706 -0.756429 2
-0.198475 -0.831645 2
-0.587075 -0.628444 2
-0.597292 -0.625674 2
-0.308760 -0.813368 2
-0.758675 -0.435933 2
-0.755490 -0.451260 2
-0.727209 -0.504373 2
-0.354934 -0.816163 2
-0.165728 -0.879522 2
-0.753698 -0.491873 2
-0.876829 -0.224043 2
-0.212548 -0.884830 2
0.110834 -0.908263 2
-0.896922 -0.204769 2
-0.635426 -0.672205 2
-0.886327 -0.281645 2
-0.870181 -0.342067 2
-0.299854 -0.890891 2
-0.571448 -0.752643 2
-0.453972 -0.834511 2
-0.756386 -0.583015 2
-0.929685 -0.239345 2
-0.746672 -0.611315 2
-0.031407 -0.969491 2
-0.956667 -0.188183 2
-0.763727 -0.614102 2
-0.648558 -0.741349 2
-0.070558 -0.987482 2
-0.873873 -0.475784 2
-0.857697 -0.514155 2
-0.885506 -0.475294 2
-0.503230 -0.875705 2
-0.004319 0.014365 3
-0.006980 0.018743 3
0.016767 0.018544 3
-0.008809 0.028678 3
-0.001347 0.034974 3
-0.012042 0.038144 3
0.018538 0.041004 3
0.003270 0.049893 3
0.006012 0.054670 3
0.026971 0.053596 3
0.023541 0.060587 3
0.028859 0.063774 3
-0.050154 0.055763 3
0.017351 0.078096 3
0.042766 0.073458 3
0.025800 0.086223 3
0.047330 0.082370 3
0.085176 0.052394 3
0.066051 0.081623 3
-0.028100 0.106350 3
-0.015025 0.114014 3
0.019396 0.118422 3
-0.004490 0.124919 3
0.025773 0.127420 3
0.090274 0.100378 3
0.005418 0.139895 3
0.021219 0.143439 3
0.026901 0.147568 3
0.081177 0.132043 3
0.103831 0.121734 3
0.039497 0.160203 3
0.031225 0.167108 3
0.112074 0.134404 3
0.104729 0.146396 3
0.094636 0.158962 3
0.189274 -0.016593 3
0.071330 0.181485 3
0.097351 0.174708 3
0.070005 0.192677 3
0.125163 0.168625 3
0.041029 0.211049 3
0.160121 0.150868 3
0.205715 0.091139 3
0.103399 0.205447 3
0.094724 0.215064 3
0.053984 0.233850 3
0.066029 0.235935 3
-0.051883 0.244557 3
0.113418 0.228389 3
0.036262 0.257459 3
0.223684 0.142093 3
0.146813 0.226597 3
0.142468 0.235219 3
0.248525 0.128978 3
-0.047527 0.281009 3
0.183391 0.224650 3
0.041064 0.292128 3
0.093092 0.285191 3
0.193270 0.235949 3
0.252094 0.180412 3
0.083524 0.303725 3
0.237070 0.214937 3
0.303669 0.115801 3
0.094722 0.316113 3
0.081701 0.324885 3
0.205381 0.270959 3
0.273241 0.210629 3
0.218432 0.273473 3
0.124022 0.332631 3
0.242618 0.265964 3
0.258338 0.257849 3
0.188878 0.318159 3
0.101982 0.360866 3
0.299500 0.233879 3
0.262587 0.281555 3
0.222962 0.319981 3
0.193286 0.344478 3
0.217111 0.335951 3
0.171421 0.366933 3
0.151290 0.381066 3
0.400987 0.106930 3
0.276147 0.316453 3
0.056151 0.421274 3
0.256406 0.345190 3
0.415259 0.129557 3
0.262416 0.353182 3
0.444996 -0.001985 3
0.240011 0.380651 3
0.250580 0.379782 3
0.212916 0.407758 3
0.455663 0.092718 3
0.296457 0.364710 3
0.421486 0.219030 3
0.130538 0.461909 3
0.318214 0.366012 3
0.459900 0.169092 3
0.216494 0.445146 3
0.419359 0.272283 3
0.471460 0.180972 3
0.505321 -0.068923 3
0.490556 0.156780 3
0.511872 0.091580 3
0.405781 0.333117 3
0.381544 0.367865 3
0.468740 0.257891 3
0.347029 0.413728 3
0.544126 0.030852 3
0.540606 0.101218 3
0.552207 0.055612 3
0.559765 -0.016235 3
0.493531 0.275049 3
0.441029 0.361101 3
0.559207 0.133837 3
0.579809 -0.014885 3
0.583048 0.047751 3
0.589601 0.021699 3
0.583435 -0.116741 3
0.577164 0.163957 3
0.602169 -0.058456 3
0.566586 0.226009 3
0.614263 0.030102 3
0.377505 0.491823 3
0.601993 -0.168018 3
0.316428 0.544769 3
0.616450 0.152361 3
0.575449 0.280105 3
0.463924 0.448107 3
0.641689 0.103611 3
0.647501 0.098832 3
0.632409 -0.188836 3
0.650457 0.138313 3
0.669820 0.015517 3
0.667727 0.098820 3
0.638082 -0.235057 3
0.667248 -0.154936 3
0.674877 0.143669 3
0.686751 0.106764 3
0.608216 -0.346516 3
0.677612 0.194594 3
0.699839 -0.119690 3
0.622223 0.352227 3
0.645640 0.318668 3
0.710338 -0.145067 3
0.724239 -0.091528 3
0.702242 -0.216980 3
0.690779 0.265377 3
0.710898 -0.222820 3
0.749772 0.018477 3
0.751049 0.077138 3
0.626245 -0.430601 3
0.667066 -0.374496 3
0.445613 0.627956 3
0.771172 -0.076937 3
0.726308 0.284389 3
0.777001 0.111778 3
0.762069 0.208209 3
0.634407 -0.479117 3
0.700711 -0.386010 3
0.782069 -0.190768 3
0.771745 -0.245987 3
0.795266 -0.178262 3
0.778144 -0.258635 3
0.814742 -0.129694 3
0.829993 0.003326 3
0.802358 -0.231186 3
0.839442 0.030623 3
0.843469 0.050841 3
0.850000 0.000255 3
0.852099 -0.070367 3
0.852642 -0.112259 3
0.352975 -0.789705 3
0.819760 0.291364 3
0.843100 0.234110 3
0.848976 -0.231602 3
0.874018 -0.138989 3
0.885185 0.092449 3
0.847043 -0.289038 3
0.785780 -0.438805 3
0.878337 0.218056 3
0.908075 -0.059155 3
0.880142 0.250150 3
0.883730 -0.255777 3
0.876910 -0.294369 3
0.796985 -0.479286 3
0.923632 0.145359 3
0.863029 -0.372534 3
0.917638 -0.225755 3
0.615932 -0.723276 3
0.863488 -0.407938 3
0.953787 -0.109039 3
0.935670 -0.236106 3
0.961264 -0.129893 3
0.579396 -0.784172 3
0.966776 -0.160447 3
0.950930 0.256822 3
0.943261 -0.300599 3
0.651845 -0.751747 3
0.781070 -0.624444 3
0.889198 -0.468350 3
0.418679 -0.919134 3
