0.001004 0.019975 1
-0.000376 0.029998 1
-0.003270 0.039866 1
0.007354 0.049456 1
-0.004515 0.059830 1
0.018678 0.067462 1
-0.006074 0.079769 1
-0.018579 0.088062 1
0.027790 0.096061 1
0.018312 0.108465 1
0.078244 0.090983 1
0.085620 0.097822 1
0.049636 0.130906 1
0.048877 0.141813 1
0.079831 0.138662 1
0.087817 0.145561 1
0.143592 0.108542 1
0.109965 0.154944 1
0.164793 0.113328 1
0.178405 0.110778 1
0.212675 0.056296 1
0.160539 0.164703 1
0.171131 0.168268 1
0.238360 0.075397 1
0.190456 0.176993 1
0.162755 0.215432 1
0.245327 0.134962 1
0.269330 0.107523 1
0.261518 0.146997 1
0.276496 0.140178 1
0.258332 0.188851 1
0.329886 -0.008675 1
0.330449 0.080024 1
0.329139 0.119027 1
0.357552 0.041915 1
0.369981 -0.003783 1
0.359997 0.121665 1
0.389815 0.012008 1
0.396525 0.052614 1
0.387194 -0.134836 1
0.418751 -0.032371 1
0.425843 0.059649 1
0.437624 -0.045660 1
0.435291 -0.114115 1
0.372478 -0.269927 1
0.454766 -0.118691 1
0.441715 -0.187851 1
0.412970 -0.263734 1
0.445704 -0.226600 1
0.495976 -0.118774 1
0.475400 -0.210702 1
0.496352 -0.185834 1
0.422739 -0.335994 1
0.350992 -0.423444 1
0.460080 -0.319259 1
0.370861 -0.432853 1
0.493711 -0.304383 1
0.425986 -0.408211 1
0.444154 -0.403394 1
0.255235 -0.554035 1
0.379425 -0.490343 1
0.314893 -0.545657 1
0.414634 -0.487523 1
0.429976 -0.487464 1
0.302896 -0.586391 1
0.420779 -0.521387 1
0.462155 -0.498811 1
0.327739 -0.607196 1
0.051950 -0.698070 1
0.297383 -0.644719 1
0.191453 -0.694079 1
0.278651 -0.674725 1
0.443455 -0.592409 1
0.143126 -0.736217 1
-0.141322 -0.746745 1
0.136031 -0.757889 1
0.231187 -0.744951 1
0.179037 -0.769445 1
-0.066133 -0.797262 1
0.027324 -0.809539 1
-0.232480 -0.786354 1
-0.063004 -0.827605 1
0.204209 -0.814800 1
-0.105171 -0.843468 1
-0.330722 -0.793866 1
-0.415608 -0.764310 1
-0.489701 -0.731158 1
-0.483044 -0.747508 1
-0.529242 -0.727945 1
-0.673463 -0.612003 1
-0.661029 -0.639875 1
-0.502087 -0.782821 1
-0.434369 -0.833621 1
-0.504654 -0.804876 1
-0.686594 -0.670961 1
-0.782430 -0.573327 1
-0.622054 -0.757264 1
-0.873200 -0.466499 1
-0.623346 -0.781947 1
-0.699711 -0.728358 1
0.012971 -0.015223 2
0.019788 -0.022548 2
0.014596 -0.037242 2
0.025901 -0.042769 2
0.005775 -0.059721 2
0.029023 -0.063700 2
0.001011 -0.079994 2
0.066504 -0.060640 2
0.023063 -0.097304 2
0.022714 -0.107629 2
-0.019445 -0.118414 2
0.017050 -0.128877 2
-0.029508 -0.136855 2
-0.040801 -0.144344 2
0.029703 -0.157219 2
0.043768 -0.164269 2
-0.033957 -0.176768 2
0.019812 -0.188964 2
-0.013494 -0.199544 2
-0.005273 -0.209934 2
-0.043691 -0.215618 2
-0.076583 -0.216876 2
-0.094126 -0.220772 2
-0.080562 -0.236664 2
-0.039367 -0.257002 2
-0.056917 -0.263933 2
-0.129459 -0.248275 2
-0.007461 -0.289904 2
-0.079472 -0.289282 2
-0.070747 -0.301819 2
-0.158505 -0.277986 2
-0.217907 -0.247823 2
-0.308588 -0.142735 2
-0.226596 -0.266748 2
-0.182579 -0.310266 2
-0.236975 -0.284153 2
-0.301838 -0.230855 2
-0.342295 -0.186906 2
-0.291151 -0.274283 2
-0.332668 -0.239650 2
-0.395141 -0.142351 2
-0.377813 -0.205323 2
-0.389038 -0.205547 2
-0.388728 -0.226695 2
-0.404071 -0.219834 2
-0.463278 -0.079206 2
-0.432868 -0.207426 2
-0.466706 -0.149282 2
-0.446577 -0.224875 2
-0.507525 -0.050188 2
-0.515674 -0.066934 2
-0.529332 -0.026595 2
-0.537111 -0.055785 2
-0.538358 -0.112565 2
-0.559669 -0.019238 2
-0.554503 -0.132008 2
-0.579995 -0.002440 2
-0.498196 0.316071 2
-0.532534 0.276419 2
-0.571266 0.213904 2
-0.589926 0.190754 2
-0.572427 0.263111 2
-0.593430 0.239667 2
-0.559939 0.330104 2
-0.534115 0.387713 2
-0.653425 0.148107 2
-0.618280 0.283073 2
-0.604695 0.332332 2
-0.634118 0.296469 2
-0.656705 0.269886 2
-0.456753 0.556576 2
-0.506952 0.525262 2
-0.639291 0.372702 2
-0.643341 0.385502 2
-0.486443 0.583929 2
-0.592179 0.492162 2
-0.629372 0.460750 2
-0.513924 0.599985 2
-0.566784 0.564584 2
-0.321438 0.743490 2
-0.062484 0.817616 2
-0.616597 0.555615 2
-0.239620 0.805098 2
-0.276955 0.803614 2
-0.445459 0.735640 2
-0.124190 0.861091 2
-0.400765 0.783446 2
-0.525208 0.718510 2
-0.382546 0.814652 2
-0.053040 0.908453 2
-0.047346 0.918781 2
0.099679 0.924643 2
0.042676 0.939031 2
0.225573 0.922831 2
-0.349740 0.894026 2
0.007344 0.969972 2
0.035503 0.979357 2
0.135896 0.980628 2
0.392291 0.919841 2
0.095609 1.005465 2
-0.018685 0.007132 3
-0.029989 -0.000827 3
-0.039105 0.008413 3
-0.040595 0.029190 3
-0.059516 0.007604 3
-0.048812 0.050173 3
-0.071693 0.035499 3
-0.068688 0.058154 3
-0.092023 0.039138 3
-0.074337 0.081080 3
-0.090381 0.078938 3
-0.069206 0.110048 3
-0.108005 0.089078 3
-0.115463 0.095751 3
-0.119377 0.106532 3
-0.042986 0.164475 3
-0.112638 0.140402 3
-0.147831 0.119356 3
-0.066632 0.188574 3
-0.097712 0.185883 3
-0.109262 0.190950 3
-0.069021 0.219399 3
-0.045386 0.235670 3
-0.109816 0.224589 3
-0.068036 0.250940 3
-0.082023 0.257240 3
-0.088544 0.265631 3
-0.020464 0.289277 3
0.005685 0.299946 3
-0.108900 0.290243 3
0.056505 0.314972 3
0.008466 0.329891 3
-0.003711 0.339980 3
-0.083536 0.339885 3
0.023620 0.359224 3
0.052947 0.366192 3
0.082433 0.370951 3
0.058671 0.385562 3
0.178988 0.357719 3
0.242452 0.330632 3
0.240002 0.344673 3
0.148987 0.403364 3
0.213819 0.384553 3
0.239827 0.380767 3
0.177768 0.424263 3
0.249358 0.398398 3
0.223357 0.424866 3
0.298917 0.388264 3
0.422018 0.268144 3
0.322961 0.394710 3
0.301042 0.423997 3
0.467302 0.250058 3
0.459852 0.283084 3
0.386685 0.391120 3
0.392952 0.398984 3
0.540518 0.180943 3
0.491859 0.307367 3
0.521310 0.276290 3
0.549277 0.241443 3
0.513755 0.328871 3
0.609373 0.114299 3
0.626340 -0.067808 3
0.436646 0.467911 3
0.630999 0.156013 3
0.659091 0.034636 3
0.626971 0.236236 3
0.673077 0.096787 3
0.687435 0.059435 3
0.686059 0.139006 3
0.706327 -0.072124 3
0.698705 -0.173816 3
0.727308 -0.062629 3
0.731061 -0.114673 3
0.749939 -0.009571 3
0.704034 -0.286244 3
0.756887 -0.141499 3
0.737557 -0.253790 3
0.686114 -0.391596 3
0.772151 -0.209245 3
0.767429 -0.259138 3
0.747726 -0.336609 3
0.764277 -0.323699 3
0.817512 -0.193065 3
0.690519 -0.495665 3
0.826934 -0.236177 3
0.743501 -0.451782 3
0.821829 -0.314638 3
0.519139 -0.722907 3
0.661457 -0.610307 3
0.590736 -0.692193 3
0.669150 -0.631378 3
0.365663 -0.855097 3
0.648849 -0.680144 3
0.378952 -0.871146 3
0.346815 -0.895164 3
0.598521 -0.763330 3
0.411711 -0.889322 3
0.433927 -0.889836 3
0.015635 -0.999878 3
0.567847 -0.835254 3
0.016148 0.011800 4
0.029331 0.006300 4
0.036404 0.016576 4
0.047605 0.015290 4
0.059777 0.005169 4
0.065219 0.025427 4
0.079188 -0.011370 4
0.089874 -0.004763 4
0.095722 -0.028936 4
0.109991 0.001418 4
0.115573 -0.032295 4
0.129432 0.012137 4
0.136661 -0.030396 4
0.135981 -0.063317 4
0.158814 -0.019449 4
0.161929 -0.051759 4
0.142282 -0.110253 4
0.185593 -0.040686 4
0.196362 -0.037975 4
0.168410 -0.125451 4
0.194194 -0.103387 4
0.218741 -0.071081 4
0.221428 -0.092573 4
0.193702 -0.158050 4
0.198101 -0.168393 4
0.218861 -0.158113 4
0.198630 -0.197347 4
0.182611 -0.225284 4
0.234968 -0.186521 4
0.217397 -0.220995 4
0.233522 -0.218786 4
0.117624 -0.308325 4
0.254933 -0.224965 4
0.079384 -0.340879 4
0.210685 -0.291910 4
0.167970 -0.329676 4
0.089922 -0.369207 4
0.093632 -0.378594 4
0.162330 -0.365580 4
0.053753 -0.406461 4
0.203103 -0.367626 4
-0.020591 -0.429507 4
-0.019399 -0.439572 4
0.064523 -0.445350 4
0.012142 -0.459840 4
-0.060521 -0.466087 4
0.044058 -0.477974 4
-0.060174 -0.486291 4
-0.095351 -0.490824 4
-0.085897 -0.502714 4
0.077122 -0.514249 4
-0.057401 -0.526882 4
0.096248 -0.531353 4
-0.098388 -0.541128 4
-0.077529 -0.554607 4
-0.178252 -0.541411 4
-0.253925 -0.521462 4
-0.325344 -0.492190 4
-0.250038 -0.545418 4
-0.296142 -0.533291 4
-0.418948 -0.457037 4
-0.468719 -0.420955 4
-0.394219 -0.504174 4
-0.480860 -0.437348 4
-0.347739 -0.560961 4
-0.583964 -0.328461 4
-0.411070 -0.541684 4
-0.427727 -0.541433 4
-0.577477 -0.395627 4
-0.551657 -0.446962 4
-0.421871 -0.583460 4
-0.680183 -0.265048 4
-0.679370 -0.293355 4
-0.738318 -0.131860 4
-0.697952 -0.300770 4
-0.739058 -0.216087 4
-0.636933 -0.450241 4
-0.789707 0.021527 4
-0.788460 0.135389 4
-0.763605 -0.270198 4
-0.766744 -0.290694 4
-0.829880 0.014107 4
-0.783253 -0.303504 4
-0.847829 -0.060719 4
-0.856613 -0.076247 4
-0.861006 0.124776 4
-0.818920 -0.322134 4
-0.886855 0.074749 4
-0.889598 0.136440 4
-0.889240 -0.193267 4
-0.909828 0.136431 4
-0.874617 0.316142 4
-0.939982 0.005890 4
-0.922360 0.227493 4
-0.890948 0.357508 4
-0.932727 0.266307 4
-0.725236 0.659116 4
-0.807274 0.573069 4
-0.925633 0.378423 4
-0.827513 0.579070 4
-0.015079 -0.013138 5
-0.019745 -0.022586 5
-0.029260 -0.027274 5
-0.038478 -0.031928 5
-0.048374 -0.035496 5
-0.037526 -0.059092 5
-0.053670 -0.059326 5
-0.067052 -0.060033 5
-0.059081 -0.080681 5
-0.071833 -0.083307 5
-0.107156 -0.054015 5
-0.118368 -0.053750 5
-0.134826 -0.037708 5
-0.141207 -0.050603 5
-0.138035 -0.080910 5
-0.160293 -0.056623 5
-0.162908 -0.076558 5
-0.189359 -0.015596 5
-0.173822 -0.098924 5
-0.209999 -0.000611 5
-0.219867 -0.007650 5
-0.229577 0.013935 5
-0.236568 -0.040441 5
-0.249914 0.006560 5
-0.259953 0.004943 5
-0.262607 -0.062749 5
-0.274138 0.056994 5
-0.281897 0.068074 5
-0.299757 0.012061 5
-0.275362 0.142394 5
-0.318888 -0.026651 5
-0.321471 0.074541 5
-0.327474 0.091437 5
-0.339282 0.085951 5
-0.344083 0.105861 5
-0.311848 0.199126 5
-0.358587 0.125760 5
-0.329129 0.209223 5
-0.349517 0.194520 5
-0.336617 0.234071 5
-0.205270 0.366421 5
-0.353501 0.244821 5
-0.262484 0.353132 5
-0.312720 0.323584 5
-0.306486 0.343025 5
-0.413545 0.223340 5
-0.209014 0.432103 5
-0.269915 0.408957 5
-0.306828 0.394787 5
-0.256056 0.441062 5
-0.256061 0.452585 5
-0.045663 0.528029 5
-0.319721 0.435176 5
-0.256009 0.486785 5
-0.154164 0.538362 5
0.045427 0.568187 5
-0.114762 0.568533 5
0.007070 0.589958 5
-0.011589 0.599888 5
0.008755 0.609937 5
0.103962 0.611222 5
0.250903 0.577882 5
0.013627 0.639855 5
-0.016783 0.649783 5
0.072472 0.656009 5
0.035060 0.669082 5
-0.206712 0.647820 5
0.117148 0.679983 5
0.185206 0.675055 5
0.141991 0.695657 5
0.193180 0.693600 5
0.413790 0.601396 5
0.296545 0.677983 5
0.312818 0.681649 5
0.256569 0.715383 5
0.303805 0.707533 5
0.399186 0.670112 5
0.461216 0.641389 5
0.525075 0.603569 5
0.684072 0.433757 5
0.685704 0.449677 5
0.412420 0.720284 5
0.767124 0.342228 5
0.509769 0.680173 5
0.846731 0.150486 5
0.713159 0.498302 5
0.674720 0.564936 5
0.500780 0.735744 5
0.738656 0.514186 5
0.895350 0.162632 5
0.793671 0.465280 5
0.817279 0.443797 5
0.759822 0.553417 5
0.804246 0.505656 5
0.883534 0.375457 5
0.955407 0.167624 5
0.798886 0.567610 5
0.989512 0.031088 5
0.975745 0.218910 5
1.007023 -0.077487 5
